lat = 52.5588327
lon = 13.2884374
elev = 35

tz = 'Europe/Berlin'
